[]
(50,400)
(750,400)
[[397, 389, 240]]
(73, 392)
(733, 387)
[[620, 214, 70], [211, 595, 70], [608, 638, 130], [389, 423, 130], [195, 201, 130]]
(118, 704)
(736, 77)
[[131, 665, 100], [200, 663, 100], [294, 667, 100], [361, 668, 100], [451, 668, 100], [530, 667, 100], [615, 666, 100], [744, 666, 100], [654, 429, 100], [577, 433, 100], [494, 433, 100], [378, 432, 100], [281, 430, 100], [162, 430, 100], [68, 428, 100], [127, 171, 100], [191, 172, 100], [267, 170, 100], [356, 172, 100], [460, 172, 100], [553, 168, 100], [644, 169, 100], [766, 170, 100]]
(762, 33)
(764, 782)
[[463, 661, 80], [565, 744, 80], [451, 72, 80], [542, 380, 80], [564, 301, 80], [546, 129, 80], [325, 580, 100], [583, 214, 100], [144, 188, 100]]
(41, 59)
(716, 668)
[[424, 687, 100], [419, 694, 100], [414, 706, 100], [402, 727, 100], [390, 747, 100], [367, 773, 100], [325, 783, 100], [552, 313, 100], [552, 287, 100], [552, 248, 100], [552, 220, 100], [554, 200, 100], [552, 172, 100], [549, 145, 100], [544, 82, 100], [222, 213, 140]]
(77, 99)
(683, 678)
[[217, 361, 170], [412, 592, 100], [397, 656, 100], [362, 738, 100], [508, 308, 100], [524, 218, 100], [554, 59, 100]]
(30, 95)
(697, 584)
[[371, 125, 100], [369, 237, 100], [322, 384, 100], [253, 525, 100], [63, 446, 100]]
(72, 223)
(564, 519)
[[650, 404, 100], [165, 409, 100], [299, 633, 100], [338, 627, 100], [396, 621, 100], [508, 619, 100], [577, 615, 100], [620, 603, 100], [651, 560, 100], [639, 559, 100], [581, 556, 100], [537, 556, 100], [495, 558, 100], [435, 558, 100], [389, 556, 100], [332, 555, 100], [288, 553, 100], [218, 552, 100], [194, 553, 100], [168, 553, 100], [663, 269, 100], [611, 263, 100], [570, 264, 100], [525, 261, 100], [440, 257, 100], [389, 255, 100], [314, 256, 100], [222, 264, 100], [179, 271, 100], [553, 176, 100], [520, 173, 100], [426, 171, 100], [383, 174, 100], [453, 201, 100], [414, 203, 100], [385, 208, 100], [336, 213, 100], [663, 649, 100], [183, 631, 100], [688, 179, 100], [200, 188, 100], [212, 34, 100], [268, 31, 100], [316, 30, 100], [436, 20, 100], [509, 18, 100], [622, 34, 100], [781, 238, 100], [782, 285, 100], [788, 351, 100], [788, 441, 100], [786, 527, 100], [791, 634, 100], [688, 783, 100], [621, 787, 100], [590, 789, 100], [530, 785, 100], [449, 781, 100], [396, 781, 100], [341, 784, 100], [293, 787, 100], [234, 784, 100], [135, 775, 100], [102, 771, 100], [44, 585, 100], [46, 559, 100], [47, 532, 100], [49, 494, 100], [50, 459, 100], [51, 427, 100], [50, 402, 100], [50, 375, 100], [51, 350, 100], [52, 322, 100], [54, 307, 100], [56, 294, 100], [63, 248, 100], [67, 225, 100], [68, 218, 100], [73, 176, 100], [28, 774, 100], [775, 788, 100], [783, 59, 100], [50, 62, 100]]
(292, 410)
(505, 412)
[[292, 136, 100], [419, 134, 100], [570, 132, 100], [730, 142, 100], [517, 391, 100], [380, 398, 100], [206, 388, 100], [46, 389, 100], [262, 636, 100], [395, 649, 100], [513, 647, 100], [638, 656, 100], [743, 654, 100]]
(751, 783)
(770, 27)
